0 0.27634297520661155 0.7191666666666666 0.31508264462809915 0.4483333333333333
1 0.7262396694214877 0.7608333333333334 0.3181818181818182 0.4083333333333333
1 0.7024793388429752 0.48083333333333333 0.22107438016528927 0.41833333333333333
1 0.4106404958677686 0.5616666666666666 0.2572314049586777 0.52
1 0.22520661157024793 0.38166666666666665 0.15289256198347106 0.27
1 0.06921487603305786 0.6141666666666666 0.12396694214876033 0.535
1 0.8858471074380165 0.425 0.14979338842975207 0.3566666666666667
1 0.7887396694214877 0.24166666666666667 0.0981404958677686 0.13333333333333333
1 0.381198347107438 0.2841666666666667 0.13429752066115702 0.095
1 0.13326446280991736 0.3125 0.08264462809917356 0.215
1 0.5330578512396694 0.14416666666666667 0.05578512396694215 0.115
1 0.4984504132231405 0.2 0.125 0.09
1 0.6430785123966942 0.2325 0.11053719008264463 0.165
1 0.8651859504132231 0.18083333333333335 0.07747933884297521 0.10833333333333334
1 0.9622933884297521 0.23666666666666666 0.0981404958677686 0.16333333333333333
1 0.1131198347107438 0.15916666666666668 0.10847107438016529 0.10166666666666667
